1005098334
1007120869
1008681951
1008719508
1011776388
1012298403
1013374789
1013585593
1013818720
1014920360
1017367213
1018743724
1019616705
1020541183
1021178077
1021586545
1024549051
1024951378
1025252985
1028623510
1028950091
1029839730
1031530508
1034658841
1034773723
1035355817
1036723978
1040227414
1041808803
1041873285
1042322028
1042987645
1043579926
1043589663
1044677336
1044867788
1045410375
1046617847
1048026594
1051403123
1052323344
1053012308
1055376602
1055387127
1056042438
1057925633
1060017016
1069803052
1073500846
1075820557
1077346638
1080114119
1080681261
1081847121
1084860489
1087286731
1088540036
1092276838
1094591345
1095280287
1098187391
1105903447
1110376793
1112532917
1114130722
1114886979
1120861209
1124453989
1468443370
281656475
281796108
283179414
283436103
283646709
284035177
284666222
284815942
284882215
284962368
284971781
284972998
284981670
284993459
286274367
286470485
288120394
288419283
289084315
289679295
290986013
291720439
292242503
292628469
292738169
292755387
293621500
293622097
293623806
294380152
294631159
294934058
295094302
295430577
296083171
296246130
297244048
299616801
300298606
300704847
301387274
301656026
302325893
302584613
302724213
303486854
303639703
303656546
304483984
304731501
304871603
304878510
306468004
306486840
306554556
306561234
307741537
307840670
307860824
307868751
307880732
308111628
309689677
310633997
310636441
311456818
311691366
312198543
312383903
312941044
314716233
315021242
316025912
317107309
317133458
318304532
318404385
319295332
319881193
320203391
320279293
320606217
320636131
320989478
321293183
321506742
322441559
324321778
324516521
324684580
325327899
325924458
325962257
326065255
327630330
327783342
328185048
328324143
329127297
329670577
330247123
330803072
331004675
331529422
331747091
331975235
332324766
332548434
333211045
333710667
333903271
334989259
335029050
335678373
336353151
336435697
336477530
336683524
337021781
337288863
338227344
338977566
340741871
340787494
341327870
341935130
343200656
344132150
344209253
344621219
344784375
345279970
347019672
347345474
347411942
347546771
347835665
347880622
348131804
348147113
348543183
348618445
349530105
350642635
352019548
352247139
354015291
354902315
354972939
354974729
355460798
357218860
357404131
357577420
357828853
359793767
360593530
361304891
361309726
362057947
362411238
363282253
363317633
363448828
363456759
363486802
363500805
363590051
363729560
363738376
363990983
363998953
364193735
364234221
364253478
364361728
364365411
364502063
364738545
364895358
365152940
366111277
366626332
366791896
367816156
368780426
369626098
369713694
370697660
371238604
372047576
372351022
372513032
373236724
373493387
373515261
373751560
373788478
373916467
374211477
374308914
375295479
376374689
376412660
377135599
377989827
378120971
378772227
379262343
379869627
380450781
380732176
380833751
380872432
381059732
382006079
382021233
382069612
382418196
382509315
382617920
383457673
385443145
385756768
385758778
386010338
386118145
386330622
386950560
388149926
389801252
389930222
390017969
390422167
390880051
391304000
391432693
391462107
391767653
392084834
392188745
392538848
392545987
392640258
392788790
393313223
393858566
394610743
395042892
395680819
396082453
398157641
398329664
400666114
401643317
401818935
402012828
402422247
402656416
402722939
402777723
403232367
403684733
403692190
403879490
404414176
405487397
405622181
405755026
406239138
406732590
406750496
407678003
407945101
407976815
408666056
408697793
409408178
409869453
410011612
410031728
410619243
410824816
410965399
411430426
412588865
412660490
412768094
413246093
414419105
414469628
414478124
414544492
414706506
414834813
415038787
415466771
416087694
416756729
416920664
417563413
417622293
418925394
418987775
419518259
419729770
419738601
420635506
420636551
421532754
421706526
422138104
422305597
422371267
423002932
424059280
424131572
424591347
425073498
425601262
426382105
426940482
427075690
427141357
427701370
428145132
428440804
428492588
428974099
429071149
429372600
429644751
431033044
431475499
431497717
431573951
431688122
432504470
432749907
432850619
433398108
433671262
433847884
433866863
434085666
434101127
434541320
435913585
435965622
436577167
436590784
436673117
437238261
437818260
438402174
438475005
438948516
439438619
439516456
439628153
440666387
441139371
441179131
441433868
441922503
442012681
442442102
442839861
442894126
442911228
443369807
443646748
443904275
444085845
444479810
444844790
445285400
447149103
447158532
447188370
448235087
448314967
449354665
449735650
451494168
452111430
452204407
452559831
452990487
453180850
453480680
453571750
453693297
454086751
454638411
454702113
454781476
455190486
455578451
455826958
456056258
456637671
457446957
457863522
458535809
461785823
462182115
464169117
464551137
465810912
466388978
466965151
467343427
467923185
467939077
468610525
468638702
468659684
469067434
469960709
471056941
471341991
471638724
473165402
473589326
475241191
476148613
476312888
478653149
478899198
479516143
479536744
479665601
479871486
479889140
480102733
480523641
480956504
481679745
481964944
483241113
483353496
484090401
485078615
486947533
487250856
487353844
487535438
488165644
488541859
488627858
488674899
488892606
489321253
489479624
489522411
490077681
490109661
491537291
492648096
494998818
495546638
495716481
496177674
497595276
498127541
498240451
498360026
499125840
499470113
499826209
500099330
501984287
502344938
503190232
503519713
503804151
504520620
505170168
505825861
506271165
506462353
506632088
507077984
507828762
507874739
507884100
509204969
509520532
509993510
510461370
510623322
511269223
512727332
512939461
513188658
514593643
514916029
516927225
517260318
517329357
517488939
517642765
517857440
518235205
519076307
519077149
519077434
519123250
519529254
520299954
520337246
520511560
520818788
522029577
522626820
523233755
523581445
524622747
525818839
526650611
526652140
527118971
527534315
527838353
528408291
528919633
529096824
529433904
529443604
529479190
530061521
530445196
530957470
531204555
532016360
533451786
534203582
535176909
535500008
535811906
535886823
536049508
536882653
537205429
537623975
537818639
537931449
538029496
538744637
538912378
539397400
540326056
543119010
543186831
543672169
544007664
544119998
544385071
544556782
544961955
545205008
545229893
545625741
545654854
546287349
546419082
546630411
546639267
547101139
547162979
549105915
550063467
551286728
552100086
552664144
553557031
553834731
554533692
554597348
556498286
556500145
556542378
556621431
557405467
557827515
557829640
558513570
558818638
559701364
559707039
560657918
560750783
560916561
561386772
561416817
562160609
562989701
563546294
563718995
564127280
565023649
565111904
566199224
566589318
567375837
567533074
567767430
568827824
568903335
569632660
570448397
572225713
572395608
572550128
572561420
573192227
573934243
574178731
574246571
574399713
574507135
574861323
575684686
576588894
576718804
576836614
577436947
577499909
577535521
577628510
577634379
577770349
578147088
578203499
578665578
579528355
579986670
581463445
582654048
582793399
582844203
583270336
583725471
584330665
584927317
585027354
585178888
585193266
585259203
585307861
585334345
585663626
586097063
586106611
586447913
586449534
586683407
586956623
587823548
588013838
588286802
588606550
589047573
590004918
590013870
590227780
590317007
590366421
591557194
592324643
592962356
592986685
593857388
594553213
594704446
594811233
596257394
596366290
596402997
597239077
597986893
598967192
599397919
600375778
600550320
601155608
601467470
601584735
602881939
603544163
605277717
606147643
606193225
606310581
606710468
606793082
607929309
608206510
608899141
608901634
609289360
609598558
609704981
610171967
612498996
613198941
615563599
615891950
616415678
618983524
620296235
621013863
622613679
623592465
623789705
624653112
624687337
625334537
626884809
629059031
630382033
631867271
633997623
634467171
634991828
635717885
636485814
637562972
639208785
639361042
639393959
640086769
640364616
642097030
642821482
645746786
647233948
647275629
648668184
649181106
649470858
650377962
650415564
650684932
652077009
653031147
654642685
655890150
658426204
660195946
661040543
663820495
663975743
665056146
665650685
666202151
667579844
667728512
667819594
668354926
669196929
669198374
669835030
671867510
672150402
675054186
675708914
677356259
679025359
679454835
681942253
683099193
683676887
683942610
685784609
686077611
686365571
686449807
686826443
687223019
687695808
688319243
688983474
689936776
690046600
690206847
691025552
691121579
693045097
694647259
696484385
696565994
697927927
698154775
700227648
700793523
702741450
705350439
705578162
705587544
708196645
708727021
710190065
711314889
711410531
711410659
712791034
712791057
714086913
714464092
715048833
716913565
718835727
720068876
720435172
721321563
721651959
723129092
723205553
723795263
725401575
725418306
726895069
728293409
728479183
728573891
730712409
730873197
732382802
732804591
735128536
736214860
739308922
740191225
741224942
743974925
744851208
744966613
748057890
749078962
749094938
749113886
749132901
749133301
760489885
766093099
766214869
766858884
767104707
767248393
767319014
768592901
768659359
773111122
775888026
777310222
777313686
778300400
778587216
778658393
780467456
783636913
785042895
786582604
788398033
789356890
790203750
791146945
791211390
792675885
793112774
796922580
796959534
797639732
798569362
798658092
799471892
804637783
805477702
806077158
808296431
814977594
818329067
820801778
823804745
823869162
824421012
827186281
828838134
829739720
832390059
832940654
834315918
834729892
836670421
839703707
840299641
840784742
841377297
842563364
843976905
844421690
847216485
847381935
847492141
847983841
850417475
856474365
856883891
857449903
857555369
858196064
858575030
860620713
863003886
863033887
866034228
866450515
866774348
868117933
868692227
869231055
872966939
874425722
875242534
875310686
878042995
880047117
880452368
881404173
882453590
882721185
884206090
884963367
887497388
888166669
888701288
890479211
891194610
891362701
892279069
893249751
893927401
894991908
895730729
896229282
896936575
897821622
898143628
898761154
898968647
899003026
900993924
901787752
902315180
903183877
903653828
905488045
907159478
908470252
909222894
910568834
911201894
911205290
911755858
911802636
913292932
913424818
914386930
914945059
914968934
915632592
916365675
916366645
916760091
917229473
918609651
918997182
919395844
920007273
920451678
920592486
921359146
922188121
922304974
922318156
922436277
922558758
922863739
924373886
924438909
924441242
924491991
924695435
924826403
925625184
930026670
930452496
933113994
933986043
934510730
935623257
935754064
936248215
936966570
937976391
941057494
941143328
943869618
943901190
945274928
946477821
946659216
946930094
947824428
948216105
948478740
948715059
950335311
950593464
950812012
950955524
951627022
952555810
953610296
953953312
960128616
962289279
963093508
965114347
967502646
967812288
968591710
969447496
969961138
971215921
977091580
980368562
981289341
982354972
983143183
987436926
988318940
989254177
990928352
990956008
991018252
991153141
992051355
992140496
993160329
994673739
995999703
997392079
997878440
998364006
